20
100
2 1 99077
3 2 95712
4 3 96872
5 3 96258
6 1 92620
7 1 92800
8 1 99412
9 8 96900
10 6 92425
11 6 90872
12 5 93440
13 11 95341
14 5 98128
15 4 90752
16 15 91330
17 4 91875
18 15 92542
19 12 95582
20 14 95486
21 7 94924
22 12 96002
23 4 94477
24 9 98617
25 13 90576
26 10 92573
27 6 92938
28 13 93332
29 3 90890
30 8 99360
31 18 90728
32 31 92232
33 21 97433
34 16 95383
35 19 95984
36 3 90064
37 1 91378
38 9 94142
39 20 97791
40 31 98360
41 24 92846
42 40 96596
43 40 91050
44 15 98624
45 30 93185
46 11 90504
47 16 90458
48 19 99532
49 36 96072
50 24 90546
51 48 96152
52 39 91840
53 6 96150
54 33 91244
55 12 94380
56 3 92948
57 44 91888
58 20 93708
59 51 90912
60 19 94112
61 44 95116
62 22 92300
63 41 90276
64 47 96536
65 63 97365
66 35 99475
67 31 96161
68 61 96551
69 61 95766
70 46 98828
71 25 94024
72 2 92750
73 66 98850
74 52 96772
75 48 99676
76 58 92110
77 41 97120
78 56 98198
79 73 92750
80 47 90394
81 46 97052
82 45 95490
83 2 92875
84 32 96726
85 57 92888
86 46 94020
87 83 98778
88 40 92501
89 48 91960
90 47 97950
91 9 94065
92 61 99802
93 54 96688
94 39 98940
95 53 96663
96 39 92654
97 85 93936
98 7 94420
99 65 96575
100 95 90954
QUERY 84 73
QUERY 15 10
QUERY 81 3
CHANGE 85 63
QUERY 21 37
CHANGE 44 71
QUERY 4 20
CHANGE 78 21
CHANGE 83 58
CHANGE 28 51
CHANGE 21 70
QUERY 39 91
CHANGE 80 18
QUERY 5 88
QUERY 90 47
QUERY 94 43
QUERY 42 49
QUERY 4 78
CHANGE 8 95
CHANGE 98 75
QUERY 44 30
CHANGE 89 53
QUERY 69 16
CHANGE 19 81
CHANGE 11 16
QUERY 62 87
QUERY 75 32
QUERY 21 17
CHANGE 84 82
QUERY 99 28
QUERY 52 56
QUERY 6 97
QUERY 36 25
CHANGE 47 99
CHANGE 25 7
CHANGE 61 52
QUERY 31 12
QUERY 31 89
QUERY 58 60
CHANGE 51 20
QUERY 64 10
QUERY 80 62
QUERY 63 15
QUERY 82 92
CHANGE 63 71
QUERY 97 91
QUERY 44 70
QUERY 42 85
CHANGE 45 40
CHANGE 23 78
QUERY 27 6
CHANGE 68 61
CHANGE 51 76
QUERY 11 91
QUERY 74 41
QUERY 73 10
QUERY 90 22
CHANGE 87 61
CHANGE 11 95
CHANGE 45 21
QUERY 8 81
QUERY 25 3
QUERY 4 47
QUERY 41 8
CHANGE 83 61
CHANGE 97 68
QUERY 37 7
QUERY 67 4
QUERY 43 7
QUERY 41 20
QUERY 50 92
QUERY 25 67
CHANGE 42 22
CHANGE 8 33
QUERY 58 49
QUERY 35 29
QUERY 6 46
CHANGE 42 70
QUERY 59 83
CHANGE 79 68
CHANGE 58 50
CHANGE 5 39
QUERY 28 41
CHANGE 45 84
QUERY 77 29
CHANGE 47 6
CHANGE 44 97
QUERY 91 71
QUERY 56 9
CHANGE 26 57
QUERY 47 39
QUERY 82 4
DONE
100
2 1 91330
3 2 91875
4 2 92542
5 2 95582
6 5 95486
7 1 94924
8 5 96002
9 2 94477
10 8 98617
11 3 90576
12 1 92573
13 12 92938
14 9 93332
15 3 90890
16 1 99360
17 6 90728
18 12 92232
19 11 97433
20 9 95383
21 1 95984
22 17 90064
23 17 91378
24 2 94142
25 22 97791
26 19 98360
27 20 92846
28 5 96596
29 26 91050
30 5 98624
31 18 93185
32 18 90504
33 4 90458
34 32 99532
35 20 96072
36 10 90546
37 26 96152
38 4 91840
39 32 96150
40 37 91244
41 8 94380
42 32 92948
43 30 91888
44 38 93708
45 37 90912
46 24 94112
47 8 95116
48 25 92300
49 33 90276
50 47 96536
51 35 97365
52 28 99475
53 19 96161
54 45 96551
55 7 95766
56 46 98828
57 53 94024
58 54 92750
59 44 98850
60 15 96772
61 52 99676
62 40 92110
63 43 97120
64 63 98198
65 43 92750
66 21 90394
67 44 97052
68 21 95490
69 58 92875
70 36 96726
71 15 92888
72 34 94020
73 15 98778
74 64 92501
75 46 91960
76 3 97950
77 15 94065
78 47 99802
79 72 96688
80 10 98940
81 3 96663
82 56 92654
83 5 93936
84 67 94420
85 23 96575
86 75 90954
87 62 94815
88 1 93496
89 19 93961
90 17 99394
91 19 99536
92 66 98144
93 9 96886
94 87 92330
95 50 94320
96 22 91538
97 22 90698
98 71 97248
99 87 93370
100 73 93412
QUERY 84 73
QUERY 15 10
QUERY 81 3
CHANGE 85 63
QUERY 21 37
CHANGE 44 71
QUERY 4 20
CHANGE 78 21
CHANGE 83 58
CHANGE 28 51
CHANGE 21 70
QUERY 39 91
CHANGE 80 18
QUERY 5 88
QUERY 90 47
QUERY 94 43
QUERY 42 49
QUERY 4 78
CHANGE 8 95
CHANGE 98 75
QUERY 44 30
CHANGE 89 53
QUERY 69 16
CHANGE 19 81
CHANGE 11 16
QUERY 62 87
QUERY 75 32
QUERY 21 17
CHANGE 84 82
QUERY 99 28
QUERY 52 56
QUERY 6 97
QUERY 36 25
CHANGE 47 99
CHANGE 25 7
CHANGE 61 52
QUERY 31 12
QUERY 31 89
QUERY 58 60
CHANGE 51 20
QUERY 64 10
QUERY 80 62
QUERY 63 15
QUERY 82 92
CHANGE 63 71
QUERY 97 91
QUERY 44 70
QUERY 42 85
CHANGE 45 40
CHANGE 23 78
QUERY 27 6
CHANGE 68 61
CHANGE 51 76
QUERY 11 91
QUERY 74 41
QUERY 73 10
QUERY 90 22
CHANGE 87 61
CHANGE 11 95
CHANGE 45 21
QUERY 8 81
QUERY 25 3
QUERY 4 47
QUERY 41 8
CHANGE 83 61
CHANGE 97 68
QUERY 37 7
QUERY 67 4
QUERY 43 7
QUERY 41 20
QUERY 50 92
QUERY 25 67
CHANGE 42 22
CHANGE 8 33
QUERY 58 49
QUERY 35 29
QUERY 6 46
CHANGE 42 70
QUERY 59 83
CHANGE 79 68
CHANGE 58 50
CHANGE 5 39
QUERY 28 41
CHANGE 45 84
QUERY 77 29
CHANGE 47 6
CHANGE 44 97
QUERY 91 71
QUERY 56 9
CHANGE 26 57
QUERY 47 39
QUERY 82 4
DONE
100
2 1 91330
3 2 91875
4 2 92542
5 2 95582
6 5 95486
7 1 94924
8 5 96002
9 2 94477
10 8 98617
11 3 90576
12 1 92573
13 12 92938
14 9 93332
15 3 90890
16 1 99360
17 6 90728
18 12 92232
19 11 97433
20 9 95383
21 1 95984
22 17 90064
23 17 91378
24 2 94142
25 22 97791
26 19 98360
27 20 92846
28 5 96596
29 26 91050
30 5 98624
31 18 93185
32 18 90504
33 4 90458
34 32 99532
35 20 96072
36 10 90546
37 26 96152
38 4 91840
39 32 96150
40 37 91244
41 8 94380
42 32 92948
43 30 91888
44 38 93708
45 37 90912
46 24 94112
47 8 95116
48 25 92300
49 33 90276
50 47 96536
51 35 97365
52 28 99475
53 19 96161
54 45 96551
55 7 95766
56 46 98828
57 53 94024
58 54 92750
59 44 98850
60 15 96772
61 52 99676
62 40 92110
63 43 97120
64 63 98198
65 43 92750
66 21 90394
67 44 97052
68 21 95490
69 58 92875
70 36 96726
71 15 92888
72 34 94020
73 15 98778
74 64 92501
75 46 91960
76 3 97950
77 15 94065
78 47 99802
79 72 96688
80 10 98940
81 3 96663
82 56 92654
83 5 93936
84 67 94420
85 23 96575
86 75 90954
87 62 94815
88 1 93496
89 19 93961
90 17 99394
91 19 99536
92 66 98144
93 9 96886
94 87 92330
95 50 94320
96 22 91538
97 22 90698
98 71 97248
99 87 93370
100 73 93412
QUERY 84 73
QUERY 15 10
QUERY 81 3
CHANGE 85 63
QUERY 21 37
CHANGE 44 71
QUERY 4 20
CHANGE 78 21
CHANGE 83 58
CHANGE 28 51
CHANGE 21 70
QUERY 39 91
CHANGE 80 18
QUERY 5 88
QUERY 90 47
QUERY 94 43
QUERY 42 49
QUERY 4 78
CHANGE 8 95
CHANGE 98 75
QUERY 44 30
CHANGE 89 53
QUERY 69 16
CHANGE 19 81
CHANGE 11 16
QUERY 62 87
QUERY 75 32
QUERY 21 17
CHANGE 84 82
QUERY 99 28
QUERY 52 56
QUERY 6 97
QUERY 36 25
CHANGE 47 99
CHANGE 25 7
CHANGE 61 52
QUERY 31 12
QUERY 31 89
QUERY 58 60
CHANGE 51 20
QUERY 64 10
QUERY 80 62
QUERY 63 15
QUERY 82 92
CHANGE 63 71
QUERY 97 91
QUERY 44 70
QUERY 42 85
CHANGE 45 40
CHANGE 23 78
QUERY 27 6
CHANGE 68 61
CHANGE 51 76
QUERY 11 91
QUERY 74 41
QUERY 73 10
QUERY 90 22
CHANGE 87 61
CHANGE 11 95
CHANGE 45 21
QUERY 8 81
QUERY 25 3
QUERY 4 47
QUERY 41 8
CHANGE 83 61
CHANGE 97 68
QUERY 37 7
QUERY 67 4
QUERY 43 7
QUERY 41 20
QUERY 50 92
QUERY 25 67
CHANGE 42 22
CHANGE 8 33
QUERY 58 49
QUERY 35 29
QUERY 6 46
CHANGE 42 70
QUERY 59 83
CHANGE 79 68
CHANGE 58 50
CHANGE 5 39
QUERY 28 41
CHANGE 45 84
QUERY 77 29
CHANGE 47 6
CHANGE 44 97
QUERY 91 71
QUERY 56 9
CHANGE 26 57
QUERY 47 39
QUERY 82 4
DONE
100
2 1 91330
3 2 91875
4 2 92542
5 2 95582
6 5 95486
7 1 94924
8 5 96002
9 2 94477
10 8 98617
11 3 90576
12 1 92573
13 12 92938
14 9 93332
15 3 90890
16 1 99360
17 6 90728
18 12 92232
19 11 97433
20 9 95383
21 1 95984
22 17 90064
23 17 91378
24 2 94142
25 22 97791
26 19 98360
27 20 92846
28 5 96596
29 26 91050
30 5 98624
31 18 93185
32 18 90504
33 4 90458
34 32 99532
35 20 96072
36 10 90546
37 26 96152
38 4 91840
39 32 96150
40 37 91244
41 8 94380
42 32 92948
43 30 91888
44 38 93708
45 37 90912
46 24 94112
47 8 95116
48 25 92300
49 33 90276
50 47 96536
51 35 97365
52 28 99475
53 19 96161
54 45 96551
55 7 95766
56 46 98828
57 53 94024
58 54 92750
59 44 98850
60 15 96772
61 52 99676
62 40 92110
63 43 97120
64 63 98198
65 43 92750
66 21 90394
67 44 97052
68 21 95490
69 58 92875
70 36 96726
71 15 92888
72 34 94020
73 15 98778
74 64 92501
75 46 91960
76 3 97950
77 15 94065
78 47 99802
79 72 96688
80 10 98940
81 3 96663
82 56 92654
83 5 93936
84 67 94420
85 23 96575
86 75 90954
87 62 94815
88 1 93496
89 19 93961
90 17 99394
91 19 99536
92 66 98144
93 9 96886
94 87 92330
95 50 94320
96 22 91538
97 22 90698
98 71 97248
99 87 93370
100 73 93412
QUERY 84 73
QUERY 15 10
QUERY 81 3
CHANGE 85 63
QUERY 21 37
CHANGE 44 71
QUERY 4 20
CHANGE 78 21
CHANGE 83 58
CHANGE 28 51
CHANGE 21 70
QUERY 39 91
CHANGE 80 18
QUERY 5 88
QUERY 90 47
QUERY 94 43
QUERY 42 49
QUERY 4 78
CHANGE 8 95
CHANGE 98 75
QUERY 44 30
CHANGE 89 53
QUERY 69 16
CHANGE 19 81
CHANGE 11 16
QUERY 62 87
QUERY 75 32
QUERY 21 17
CHANGE 84 82
QUERY 99 28
QUERY 52 56
QUERY 6 97
QUERY 36 25
CHANGE 47 99
CHANGE 25 7
CHANGE 61 52
QUERY 31 12
QUERY 31 89
QUERY 58 60
CHANGE 51 20
QUERY 64 10
QUERY 80 62
QUERY 63 15
QUERY 82 92
CHANGE 63 71
QUERY 97 91
QUERY 44 70
QUERY 42 85
CHANGE 45 40
CHANGE 23 78
QUERY 27 6
CHANGE 68 61
CHANGE 51 76
QUERY 11 91
QUERY 74 41
QUERY 73 10
QUERY 90 22
CHANGE 87 61
CHANGE 11 95
CHANGE 45 21
QUERY 8 81
QUERY 25 3
QUERY 4 47
QUERY 41 8
CHANGE 83 61
CHANGE 97 68
QUERY 37 7
QUERY 67 4
QUERY 43 7
QUERY 41 20
QUERY 50 92
QUERY 25 67
CHANGE 42 22
CHANGE 8 33
QUERY 58 49
QUERY 35 29
QUERY 6 46
CHANGE 42 70
QUERY 59 83
CHANGE 79 68
CHANGE 58 50
CHANGE 5 39
QUERY 28 41
CHANGE 45 84
QUERY 77 29
CHANGE 47 6
CHANGE 44 97
QUERY 91 71
QUERY 56 9
CHANGE 26 57
QUERY 47 39
QUERY 82 4
DONE
100
2 1 91330
3 2 91875
4 2 92542
5 2 95582
6 5 95486
7 1 94924
8 5 96002
9 2 94477
10 8 98617
11 3 90576
12 1 92573
13 12 92938
14 9 93332
15 3 90890
16 1 99360
17 6 90728
18 12 92232
19 11 97433
20 9 95383
21 1 95984
22 17 90064
23 17 91378
24 2 94142
25 22 97791
26 19 98360
27 20 92846
28 5 96596
29 26 91050
30 5 98624
31 18 93185
32 18 90504
33 4 90458
34 32 99532
35 20 96072
36 10 90546
37 26 96152
38 4 91840
39 32 96150
40 37 91244
41 8 94380
42 32 92948
43 30 91888
44 38 93708
45 37 90912
46 24 94112
47 8 95116
48 25 92300
49 33 90276
50 47 96536
51 35 97365
52 28 99475
53 19 96161
54 45 96551
55 7 95766
56 46 98828
57 53 94024
58 54 92750
59 44 98850
60 15 96772
61 52 99676
62 40 92110
63 43 97120
64 63 98198
65 43 92750
66 21 90394
67 44 97052
68 21 95490
69 58 92875
70 36 96726
71 15 92888
72 34 94020
73 15 98778
74 64 92501
75 46 91960
76 3 97950
77 15 94065
78 47 99802
79 72 96688
80 10 98940
81 3 96663
82 56 92654
83 5 93936
84 67 94420
85 23 96575
86 75 90954
87 62 94815
88 1 93496
89 19 93961
90 17 99394
91 19 99536
92 66 98144
93 9 96886
94 87 92330
95 50 94320
96 22 91538
97 22 90698
98 71 97248
99 87 93370
100 73 93412
QUERY 84 73
QUERY 15 10
QUERY 81 3
CHANGE 85 63
QUERY 21 37
CHANGE 44 71
QUERY 4 20
CHANGE 78 21
CHANGE 83 58
CHANGE 28 51
CHANGE 21 70
QUERY 39 91
CHANGE 80 18
QUERY 5 88
QUERY 90 47
QUERY 94 43
QUERY 42 49
QUERY 4 78
CHANGE 8 95
CHANGE 98 75
QUERY 44 30
CHANGE 89 53
QUERY 69 16
CHANGE 19 81
CHANGE 11 16
QUERY 62 87
QUERY 75 32
QUERY 21 17
CHANGE 84 82
QUERY 99 28
QUERY 52 56
QUERY 6 97
QUERY 36 25
CHANGE 47 99
CHANGE 25 7
CHANGE 61 52
QUERY 31 12
QUERY 31 89
QUERY 58 60
CHANGE 51 20
QUERY 64 10
QUERY 80 62
QUERY 63 15
QUERY 82 92
CHANGE 63 71
QUERY 97 91
QUERY 44 70
QUERY 42 85
CHANGE 45 40
CHANGE 23 78
QUERY 27 6
CHANGE 68 61
CHANGE 51 76
QUERY 11 91
QUERY 74 41
QUERY 73 10
QUERY 90 22
CHANGE 87 61
CHANGE 11 95
CHANGE 45 21
QUERY 8 81
QUERY 25 3
QUERY 4 47
QUERY 41 8
CHANGE 83 61
CHANGE 97 68
QUERY 37 7
QUERY 67 4
QUERY 43 7
QUERY 41 20
QUERY 50 92
QUERY 25 67
CHANGE 42 22
CHANGE 8 33
QUERY 58 49
QUERY 35 29
QUERY 6 46
CHANGE 42 70
QUERY 59 83
CHANGE 79 68
CHANGE 58 50
CHANGE 5 39
QUERY 28 41
CHANGE 45 84
QUERY 77 29
CHANGE 47 6
CHANGE 44 97
QUERY 91 71
QUERY 56 9
CHANGE 26 57
QUERY 47 39
QUERY 82 4
DONE
100
2 1 91330
3 2 91875
4 2 92542
5 2 95582
6 5 95486
7 1 94924
8 5 96002
9 2 94477
10 8 98617
11 3 90576
12 1 92573
13 12 92938
14 9 93332
15 3 90890
16 1 99360
17 6 90728
18 12 92232
19 11 97433
20 9 95383
21 1 95984
22 17 90064
23 17 91378
24 2 94142
25 22 97791
26 19 98360
27 20 92846
28 5 96596
29 26 91050
30 5 98624
31 18 93185
32 18 90504
33 4 90458
34 32 99532
35 20 96072
36 10 90546
37 26 96152
38 4 91840
39 32 96150
40 37 91244
41 8 94380
42 32 92948
43 30 91888
44 38 93708
45 37 90912
46 24 94112
47 8 95116
48 25 92300
49 33 90276
50 47 96536
51 35 97365
52 28 99475
53 19 96161
54 45 96551
55 7 95766
56 46 98828
57 53 94024
58 54 92750
59 44 98850
60 15 96772
61 52 99676
62 40 92110
63 43 97120
64 63 98198
65 43 92750
66 21 90394
67 44 97052
68 21 95490
69 58 92875
70 36 96726
71 15 92888
72 34 94020
73 15 98778
74 64 92501
75 46 91960
76 3 97950
77 15 94065
78 47 99802
79 72 96688
80 10 98940
81 3 96663
82 56 92654
83 5 93936
84 67 94420
85 23 96575
86 75 90954
87 62 94815
88 1 93496
89 19 93961
90 17 99394
91 19 99536
92 66 98144
93 9 96886
94 87 92330
95 50 94320
96 22 91538
97 22 90698
98 71 97248
99 87 93370
100 73 93412
QUERY 84 73
QUERY 15 10
QUERY 81 3
CHANGE 85 63
QUERY 21 37
CHANGE 44 71
QUERY 4 20
CHANGE 78 21
CHANGE 83 58
CHANGE 28 51
CHANGE 21 70
QUERY 39 91
CHANGE 80 18
QUERY 5 88
QUERY 90 47
QUERY 94 43
QUERY 42 49
QUERY 4 78
CHANGE 8 95
CHANGE 98 75
QUERY 44 30
CHANGE 89 53
QUERY 69 16
CHANGE 19 81
CHANGE 11 16
QUERY 62 87
QUERY 75 32
QUERY 21 17
CHANGE 84 82
QUERY 99 28
QUERY 52 56
QUERY 6 97
QUERY 36 25
CHANGE 47 99
CHANGE 25 7
CHANGE 61 52
QUERY 31 12
QUERY 31 89
QUERY 58 60
CHANGE 51 20
QUERY 64 10
QUERY 80 62
QUERY 63 15
QUERY 82 92
CHANGE 63 71
QUERY 97 91
QUERY 44 70
QUERY 42 85
CHANGE 45 40
CHANGE 23 78
QUERY 27 6
CHANGE 68 61
CHANGE 51 76
QUERY 11 91
QUERY 74 41
QUERY 73 10
QUERY 90 22
CHANGE 87 61
CHANGE 11 95
CHANGE 45 21
QUERY 8 81
QUERY 25 3
QUERY 4 47
QUERY 41 8
CHANGE 83 61
CHANGE 97 68
QUERY 37 7
QUERY 67 4
QUERY 43 7
QUERY 41 20
QUERY 50 92
QUERY 25 67
CHANGE 42 22
CHANGE 8 33
QUERY 58 49
QUERY 35 29
QUERY 6 46
CHANGE 42 70
QUERY 59 83
CHANGE 79 68
CHANGE 58 50
CHANGE 5 39
QUERY 28 41
CHANGE 45 84
QUERY 77 29
CHANGE 47 6
CHANGE 44 97
QUERY 91 71
QUERY 56 9
CHANGE 26 57
QUERY 47 39
QUERY 82 4
DONE
100
2 1 91330
3 2 91875
4 2 92542
5 2 95582
6 5 95486
7 1 94924
8 5 96002
9 2 94477
10 8 98617
11 3 90576
12 1 92573
13 12 92938
14 9 93332
15 3 90890
16 1 99360
17 6 90728
18 12 92232
19 11 97433
20 9 95383
21 1 95984
22 17 90064
23 17 91378
24 2 94142
25 22 97791
26 19 98360
27 20 92846
28 5 96596
29 26 91050
30 5 98624
31 18 93185
32 18 90504
33 4 90458
34 32 99532
35 20 96072
36 10 90546
37 26 96152
38 4 91840
39 32 96150
40 37 91244
41 8 94380
42 32 92948
43 30 91888
44 38 93708
45 37 90912
46 24 94112
47 8 95116
48 25 92300
49 33 90276
50 47 96536
51 35 97365
52 28 99475
53 19 96161
54 45 96551
55 7 95766
56 46 98828
57 53 94024
58 54 92750
59 44 98850
60 15 96772
61 52 99676
62 40 92110
63 43 97120
64 63 98198
65 43 92750
66 21 90394
67 44 97052
68 21 95490
69 58 92875
70 36 96726
71 15 92888
72 34 94020
73 15 98778
74 64 92501
75 46 91960
76 3 97950
77 15 94065
78 47 99802
79 72 96688
80 10 98940
81 3 96663
82 56 92654
83 5 93936
84 67 94420
85 23 96575
86 75 90954
87 62 94815
88 1 93496
89 19 93961
90 17 99394
91 19 99536
92 66 98144
93 9 96886
94 87 92330
95 50 94320
96 22 91538
97 22 90698
98 71 97248
99 87 93370
100 73 93412
QUERY 84 73
QUERY 15 10
QUERY 81 3
CHANGE 85 63
QUERY 21 37
CHANGE 44 71
QUERY 4 20
CHANGE 78 21
CHANGE 83 58
CHANGE 28 51
CHANGE 21 70
QUERY 39 91
CHANGE 80 18
QUERY 5 88
QUERY 90 47
QUERY 94 43
QUERY 42 49
QUERY 4 78
CHANGE 8 95
CHANGE 98 75
QUERY 44 30
CHANGE 89 53
QUERY 69 16
CHANGE 19 81
CHANGE 11 16
QUERY 62 87
QUERY 75 32
QUERY 21 17
CHANGE 84 82
QUERY 99 28
QUERY 52 56
QUERY 6 97
QUERY 36 25
CHANGE 47 99
CHANGE 25 7
CHANGE 61 52
QUERY 31 12
QUERY 31 89
QUERY 58 60
CHANGE 51 20
QUERY 64 10
QUERY 80 62
QUERY 63 15
QUERY 82 92
CHANGE 63 71
QUERY 97 91
QUERY 44 70
QUERY 42 85
CHANGE 45 40
CHANGE 23 78
QUERY 27 6
CHANGE 68 61
CHANGE 51 76
QUERY 11 91
QUERY 74 41
QUERY 73 10
QUERY 90 22
CHANGE 87 61
CHANGE 11 95
CHANGE 45 21
QUERY 8 81
QUERY 25 3
QUERY 4 47
QUERY 41 8
CHANGE 83 61
CHANGE 97 68
QUERY 37 7
QUERY 67 4
QUERY 43 7
QUERY 41 20
QUERY 50 92
QUERY 25 67
CHANGE 42 22
CHANGE 8 33
QUERY 58 49
QUERY 35 29
QUERY 6 46
CHANGE 42 70
QUERY 59 83
CHANGE 79 68
CHANGE 58 50
CHANGE 5 39
QUERY 28 41
CHANGE 45 84
QUERY 77 29
CHANGE 47 6
CHANGE 44 97
QUERY 91 71
QUERY 56 9
CHANGE 26 57
QUERY 47 39
QUERY 82 4
DONE
100
2 1 91330
3 2 91875
4 2 92542
5 2 95582
6 5 95486
7 1 94924
8 5 96002
9 2 94477
10 8 98617
11 3 90576
12 1 92573
13 12 92938
14 9 93332
15 3 90890
16 1 99360
17 6 90728
18 12 92232
19 11 97433
20 9 95383
21 1 95984
22 17 90064
23 17 91378
24 2 94142
25 22 97791
26 19 98360
27 20 92846
28 5 96596
29 26 91050
30 5 98624
31 18 93185
32 18 90504
33 4 90458
34 32 99532
35 20 96072
36 10 90546
37 26 96152
38 4 91840
39 32 96150
40 37 91244
41 8 94380
42 32 92948
43 30 91888
44 38 93708
45 37 90912
46 24 94112
47 8 95116
48 25 92300
49 33 90276
50 47 96536
51 35 97365
52 28 99475
53 19 96161
54 45 96551
55 7 95766
56 46 98828
57 53 94024
58 54 92750
59 44 98850
60 15 96772
61 52 99676
62 40 92110
63 43 97120
64 63 98198
65 43 92750
66 21 90394
67 44 97052
68 21 95490
69 58 92875
70 36 96726
71 15 92888
72 34 94020
73 15 98778
74 64 92501
75 46 91960
76 3 97950
77 15 94065
78 47 99802
79 72 96688
80 10 98940
81 3 96663
82 56 92654
83 5 93936
84 67 94420
85 23 96575
86 75 90954
87 62 94815
88 1 93496
89 19 93961
90 17 99394
91 19 99536
92 66 98144
93 9 96886
94 87 92330
95 50 94320
96 22 91538
97 22 90698
98 71 97248
99 87 93370
100 73 93412
QUERY 84 73
QUERY 15 10
QUERY 81 3
CHANGE 85 63
QUERY 21 37
CHANGE 44 71
QUERY 4 20
CHANGE 78 21
CHANGE 83 58
CHANGE 28 51
CHANGE 21 70
QUERY 39 91
CHANGE 80 18
QUERY 5 88
QUERY 90 47
QUERY 94 43
QUERY 42 49
QUERY 4 78
CHANGE 8 95
CHANGE 98 75
QUERY 44 30
CHANGE 89 53
QUERY 69 16
CHANGE 19 81
CHANGE 11 16
QUERY 62 87
QUERY 75 32
QUERY 21 17
CHANGE 84 82
QUERY 99 28
QUERY 52 56
QUERY 6 97
QUERY 36 25
CHANGE 47 99
CHANGE 25 7
CHANGE 61 52
QUERY 31 12
QUERY 31 89
QUERY 58 60
CHANGE 51 20
QUERY 64 10
QUERY 80 62
QUERY 63 15
QUERY 82 92
CHANGE 63 71
QUERY 97 91
QUERY 44 70
QUERY 42 85
CHANGE 45 40
CHANGE 23 78
QUERY 27 6
CHANGE 68 61
CHANGE 51 76
QUERY 11 91
QUERY 74 41
QUERY 73 10
QUERY 90 22
CHANGE 87 61
CHANGE 11 95
CHANGE 45 21
QUERY 8 81
QUERY 25 3
QUERY 4 47
QUERY 41 8
CHANGE 83 61
CHANGE 97 68
QUERY 37 7
QUERY 67 4
QUERY 43 7
QUERY 41 20
QUERY 50 92
QUERY 25 67
CHANGE 42 22
CHANGE 8 33
QUERY 58 49
QUERY 35 29
QUERY 6 46
CHANGE 42 70
QUERY 59 83
CHANGE 79 68
CHANGE 58 50
CHANGE 5 39
QUERY 28 41
CHANGE 45 84
QUERY 77 29
CHANGE 47 6
CHANGE 44 97
QUERY 91 71
QUERY 56 9
CHANGE 26 57
QUERY 47 39
QUERY 82 4
DONE
100
2 1 91330
3 2 91875
4 2 92542
5 2 95582
6 5 95486
7 1 94924
8 5 96002
9 2 94477
10 8 98617
11 3 90576
12 1 92573
13 12 92938
14 9 93332
15 3 90890
16 1 99360
17 6 90728
18 12 92232
19 11 97433
20 9 95383
21 1 95984
22 17 90064
23 17 91378
24 2 94142
25 22 97791
26 19 98360
27 20 92846
28 5 96596
29 26 91050
30 5 98624
31 18 93185
32 18 90504
33 4 90458
34 32 99532
35 20 96072
36 10 90546
37 26 96152
38 4 91840
39 32 96150
40 37 91244
41 8 94380
42 32 92948
43 30 91888
44 38 93708
45 37 90912
46 24 94112
47 8 95116
48 25 92300
49 33 90276
50 47 96536
51 35 97365
52 28 99475
53 19 96161
54 45 96551
55 7 95766
56 46 98828
57 53 94024
58 54 92750
59 44 98850
60 15 96772
61 52 99676
62 40 92110
63 43 97120
64 63 98198
65 43 92750
66 21 90394
67 44 97052
68 21 95490
69 58 92875
70 36 96726
71 15 92888
72 34 94020
73 15 98778
74 64 92501
75 46 91960
76 3 97950
77 15 94065
78 47 99802
79 72 96688
80 10 98940
81 3 96663
82 56 92654
83 5 93936
84 67 94420
85 23 96575
86 75 90954
87 62 94815
88 1 93496
89 19 93961
90 17 99394
91 19 99536
92 66 98144
93 9 96886
94 87 92330
95 50 94320
96 22 91538
97 22 90698
98 71 97248
99 87 93370
100 73 93412
QUERY 84 73
QUERY 15 10
QUERY 81 3
CHANGE 85 63
QUERY 21 37
CHANGE 44 71
QUERY 4 20
CHANGE 78 21
CHANGE 83 58
CHANGE 28 51
CHANGE 21 70
QUERY 39 91
CHANGE 80 18
QUERY 5 88
QUERY 90 47
QUERY 94 43
QUERY 42 49
QUERY 4 78
CHANGE 8 95
CHANGE 98 75
QUERY 44 30
CHANGE 89 53
QUERY 69 16
CHANGE 19 81
CHANGE 11 16
QUERY 62 87
QUERY 75 32
QUERY 21 17
CHANGE 84 82
QUERY 99 28
QUERY 52 56
QUERY 6 97
QUERY 36 25
CHANGE 47 99
CHANGE 25 7
CHANGE 61 52
QUERY 31 12
QUERY 31 89
QUERY 58 60
CHANGE 51 20
QUERY 64 10
QUERY 80 62
QUERY 63 15
QUERY 82 92
CHANGE 63 71
QUERY 97 91
QUERY 44 70
QUERY 42 85
CHANGE 45 40
CHANGE 23 78
QUERY 27 6
CHANGE 68 61
CHANGE 51 76
QUERY 11 91
QUERY 74 41
QUERY 73 10
QUERY 90 22
CHANGE 87 61
CHANGE 11 95
CHANGE 45 21
QUERY 8 81
QUERY 25 3
QUERY 4 47
QUERY 41 8
CHANGE 83 61
CHANGE 97 68
QUERY 37 7
QUERY 67 4
QUERY 43 7
QUERY 41 20
QUERY 50 92
QUERY 25 67
CHANGE 42 22
CHANGE 8 33
QUERY 58 49
QUERY 35 29
QUERY 6 46
CHANGE 42 70
QUERY 59 83
CHANGE 79 68
CHANGE 58 50
CHANGE 5 39
QUERY 28 41
CHANGE 45 84
QUERY 77 29
CHANGE 47 6
CHANGE 44 97
QUERY 91 71
QUERY 56 9
CHANGE 26 57
QUERY 47 39
QUERY 82 4
DONE
100
2 1 91330
3 2 91875
4 2 92542
5 2 95582
6 5 95486
7 1 94924
8 5 96002
9 2 94477
10 8 98617
11 3 90576
12 1 92573
13 12 92938
14 9 93332
15 3 90890
16 1 99360
17 6 90728
18 12 92232
19 11 97433
20 9 95383
21 1 95984
22 17 90064
23 17 91378
24 2 94142
25 22 97791
26 19 98360
27 20 92846
28 5 96596
29 26 91050
30 5 98624
31 18 93185
32 18 90504
33 4 90458
34 32 99532
35 20 96072
36 10 90546
37 26 96152
38 4 91840
39 32 96150
40 37 91244
41 8 94380
42 32 92948
43 30 91888
44 38 93708
45 37 90912
46 24 94112
47 8 95116
48 25 92300
49 33 90276
50 47 96536
51 35 97365
52 28 99475
53 19 96161
54 45 96551
55 7 95766
56 46 98828
57 53 94024
58 54 92750
59 44 98850
60 15 96772
61 52 99676
62 40 92110
63 43 97120
64 63 98198
65 43 92750
66 21 90394
67 44 97052
68 21 95490
69 58 92875
70 36 96726
71 15 92888
72 34 94020
73 15 98778
74 64 92501
75 46 91960
76 3 97950
77 15 94065
78 47 99802
79 72 96688
80 10 98940
81 3 96663
82 56 92654
83 5 93936
84 67 94420
85 23 96575
86 75 90954
87 62 94815
88 1 93496
89 19 93961
90 17 99394
91 19 99536
92 66 98144
93 9 96886
94 87 92330
95 50 94320
96 22 91538
97 22 90698
98 71 97248
99 87 93370
100 73 93412
QUERY 84 73
QUERY 15 10
QUERY 81 3
CHANGE 85 63
QUERY 21 37
CHANGE 44 71
QUERY 4 20
CHANGE 78 21
CHANGE 83 58
CHANGE 28 51
CHANGE 21 70
QUERY 39 91
CHANGE 80 18
QUERY 5 88
QUERY 90 47
QUERY 94 43
QUERY 42 49
QUERY 4 78
CHANGE 8 95
CHANGE 98 75
QUERY 44 30
CHANGE 89 53
QUERY 69 16
CHANGE 19 81
CHANGE 11 16
QUERY 62 87
QUERY 75 32
QUERY 21 17
CHANGE 84 82
QUERY 99 28
QUERY 52 56
QUERY 6 97
QUERY 36 25
CHANGE 47 99
CHANGE 25 7
CHANGE 61 52
QUERY 31 12
QUERY 31 89
QUERY 58 60
CHANGE 51 20
QUERY 64 10
QUERY 80 62
QUERY 63 15
QUERY 82 92
CHANGE 63 71
QUERY 97 91
QUERY 44 70
QUERY 42 85
CHANGE 45 40
CHANGE 23 78
QUERY 27 6
CHANGE 68 61
CHANGE 51 76
QUERY 11 91
QUERY 74 41
QUERY 73 10
QUERY 90 22
CHANGE 87 61
CHANGE 11 95
CHANGE 45 21
QUERY 8 81
QUERY 25 3
QUERY 4 47
QUERY 41 8
CHANGE 83 61
CHANGE 97 68
QUERY 37 7
QUERY 67 4
QUERY 43 7
QUERY 41 20
QUERY 50 92
QUERY 25 67
CHANGE 42 22
CHANGE 8 33
QUERY 58 49
QUERY 35 29
QUERY 6 46
CHANGE 42 70
QUERY 59 83
CHANGE 79 68
CHANGE 58 50
CHANGE 5 39
QUERY 28 41
CHANGE 45 84
QUERY 77 29
CHANGE 47 6
CHANGE 44 97
QUERY 91 71
QUERY 56 9
CHANGE 26 57
QUERY 47 39
QUERY 82 4
DONE
100
2 1 91330
3 2 91875
4 2 92542
5 2 95582
6 5 95486
7 1 94924
8 5 96002
9 2 94477
10 8 98617
11 3 90576
12 1 92573
13 12 92938
14 9 93332
15 3 90890
16 1 99360
17 6 90728
18 12 92232
19 11 97433
20 9 95383
21 1 95984
22 17 90064
23 17 91378
24 2 94142
25 22 97791
26 19 98360
27 20 92846
28 5 96596
29 26 91050
30 5 98624
31 18 93185
32 18 90504
33 4 90458
34 32 99532
35 20 96072
36 10 90546
37 26 96152
38 4 91840
39 32 96150
40 37 91244
41 8 94380
42 32 92948
43 30 91888
44 38 93708
45 37 90912
46 24 94112
47 8 95116
48 25 92300
49 33 90276
50 47 96536
51 35 97365
52 28 99475
53 19 96161
54 45 96551
55 7 95766
56 46 98828
57 53 94024
58 54 92750
59 44 98850
60 15 96772
61 52 99676
62 40 92110
63 43 97120
64 63 98198
65 43 92750
66 21 90394
67 44 97052
68 21 95490
69 58 92875
70 36 96726
71 15 92888
72 34 94020
73 15 98778
74 64 92501
75 46 91960
76 3 97950
77 15 94065
78 47 99802
79 72 96688
80 10 98940
81 3 96663
82 56 92654
83 5 93936
84 67 94420
85 23 96575
86 75 90954
87 62 94815
88 1 93496
89 19 93961
90 17 99394
91 19 99536
92 66 98144
93 9 96886
94 87 92330
95 50 94320
96 22 91538
97 22 90698
98 71 97248
99 87 93370
100 73 93412
QUERY 84 73
QUERY 15 10
QUERY 81 3
CHANGE 85 63
QUERY 21 37
CHANGE 44 71
QUERY 4 20
CHANGE 78 21
CHANGE 83 58
CHANGE 28 51
CHANGE 21 70
QUERY 39 91
CHANGE 80 18
QUERY 5 88
QUERY 90 47
QUERY 94 43
QUERY 42 49
QUERY 4 78
CHANGE 8 95
CHANGE 98 75
QUERY 44 30
CHANGE 89 53
QUERY 69 16
CHANGE 19 81
CHANGE 11 16
QUERY 62 87
QUERY 75 32
QUERY 21 17
CHANGE 84 82
QUERY 99 28
QUERY 52 56
QUERY 6 97
QUERY 36 25
CHANGE 47 99
CHANGE 25 7
CHANGE 61 52
QUERY 31 12
QUERY 31 89
QUERY 58 60
CHANGE 51 20
QUERY 64 10
QUERY 80 62
QUERY 63 15
QUERY 82 92
CHANGE 63 71
QUERY 97 91
QUERY 44 70
QUERY 42 85
CHANGE 45 40
CHANGE 23 78
QUERY 27 6
CHANGE 68 61
CHANGE 51 76
QUERY 11 91
QUERY 74 41
QUERY 73 10
QUERY 90 22
CHANGE 87 61
CHANGE 11 95
CHANGE 45 21
QUERY 8 81
QUERY 25 3
QUERY 4 47
QUERY 41 8
CHANGE 83 61
CHANGE 97 68
QUERY 37 7
QUERY 67 4
QUERY 43 7
QUERY 41 20
QUERY 50 92
QUERY 25 67
CHANGE 42 22
CHANGE 8 33
QUERY 58 49
QUERY 35 29
QUERY 6 46
CHANGE 42 70
QUERY 59 83
CHANGE 79 68
CHANGE 58 50
CHANGE 5 39
QUERY 28 41
CHANGE 45 84
QUERY 77 29
CHANGE 47 6
CHANGE 44 97
QUERY 91 71
QUERY 56 9
CHANGE 26 57
QUERY 47 39
QUERY 82 4
DONE
100
2 1 91330
3 2 91875
4 2 92542
5 2 95582
6 5 95486
7 1 94924
8 5 96002
9 2 94477
10 8 98617
11 3 90576
12 1 92573
13 12 92938
14 9 93332
15 3 90890
16 1 99360
17 6 90728
18 12 92232
19 11 97433
20 9 95383
21 1 95984
22 17 90064
23 17 91378
24 2 94142
25 22 97791
26 19 98360
27 20 92846
28 5 96596
29 26 91050
30 5 98624
31 18 93185
32 18 90504
33 4 90458
34 32 99532
35 20 96072
36 10 90546
37 26 96152
38 4 91840
39 32 96150
40 37 91244
41 8 94380
42 32 92948
43 30 91888
44 38 93708
45 37 90912
46 24 94112
47 8 95116
48 25 92300
49 33 90276
50 47 96536
51 35 97365
52 28 99475
53 19 96161
54 45 96551
55 7 95766
56 46 98828
57 53 94024
58 54 92750
59 44 98850
60 15 96772
61 52 99676
62 40 92110
63 43 97120
64 63 98198
65 43 92750
66 21 90394
67 44 97052
68 21 95490
69 58 92875
70 36 96726
71 15 92888
72 34 94020
73 15 98778
74 64 92501
75 46 91960
76 3 97950
77 15 94065
78 47 99802
79 72 96688
80 10 98940
81 3 96663
82 56 92654
83 5 93936
84 67 94420
85 23 96575
86 75 90954
87 62 94815
88 1 93496
89 19 93961
90 17 99394
91 19 99536
92 66 98144
93 9 96886
94 87 92330
95 50 94320
96 22 91538
97 22 90698
98 71 97248
99 87 93370
100 73 93412
QUERY 84 73
QUERY 15 10
QUERY 81 3
CHANGE 85 63
QUERY 21 37
CHANGE 44 71
QUERY 4 20
CHANGE 78 21
CHANGE 83 58
CHANGE 28 51
CHANGE 21 70
QUERY 39 91
CHANGE 80 18
QUERY 5 88
QUERY 90 47
QUERY 94 43
QUERY 42 49
QUERY 4 78
CHANGE 8 95
CHANGE 98 75
QUERY 44 30
CHANGE 89 53
QUERY 69 16
CHANGE 19 81
CHANGE 11 16
QUERY 62 87
QUERY 75 32
QUERY 21 17
CHANGE 84 82
QUERY 99 28
QUERY 52 56
QUERY 6 97
QUERY 36 25
CHANGE 47 99
CHANGE 25 7
CHANGE 61 52
QUERY 31 12
QUERY 31 89
QUERY 58 60
CHANGE 51 20
QUERY 64 10
QUERY 80 62
QUERY 63 15
QUERY 82 92
CHANGE 63 71
QUERY 97 91
QUERY 44 70
QUERY 42 85
CHANGE 45 40
CHANGE 23 78
QUERY 27 6
CHANGE 68 61
CHANGE 51 76
QUERY 11 91
QUERY 74 41
QUERY 73 10
QUERY 90 22
CHANGE 87 61
CHANGE 11 95
CHANGE 45 21
QUERY 8 81
QUERY 25 3
QUERY 4 47
QUERY 41 8
CHANGE 83 61
CHANGE 97 68
QUERY 37 7
QUERY 67 4
QUERY 43 7
QUERY 41 20
QUERY 50 92
QUERY 25 67
CHANGE 42 22
CHANGE 8 33
QUERY 58 49
QUERY 35 29
QUERY 6 46
CHANGE 42 70
QUERY 59 83
CHANGE 79 68
CHANGE 58 50
CHANGE 5 39
QUERY 28 41
CHANGE 45 84
QUERY 77 29
CHANGE 47 6
CHANGE 44 97
QUERY 91 71
QUERY 56 9
CHANGE 26 57
QUERY 47 39
QUERY 82 4
DONE
100
2 1 91330
3 2 91875
4 2 92542
5 2 95582
6 5 95486
7 1 94924
8 5 96002
9 2 94477
10 8 98617
11 3 90576
12 1 92573
13 12 92938
14 9 93332
15 3 90890
16 1 99360
17 6 90728
18 12 92232
19 11 97433
20 9 95383
21 1 95984
22 17 90064
23 17 91378
24 2 94142
25 22 97791
26 19 98360
27 20 92846
28 5 96596
29 26 91050
30 5 98624
31 18 93185
32 18 90504
33 4 90458
34 32 99532
35 20 96072
36 10 90546
37 26 96152
38 4 91840
39 32 96150
40 37 91244
41 8 94380
42 32 92948
43 30 91888
44 38 93708
45 37 90912
46 24 94112
47 8 95116
48 25 92300
49 33 90276
50 47 96536
51 35 97365
52 28 99475
53 19 96161
54 45 96551
55 7 95766
56 46 98828
57 53 94024
58 54 92750
59 44 98850
60 15 96772
61 52 99676
62 40 92110
63 43 97120
64 63 98198
65 43 92750
66 21 90394
67 44 97052
68 21 95490
69 58 92875
70 36 96726
71 15 92888
72 34 94020
73 15 98778
74 64 92501
75 46 91960
76 3 97950
77 15 94065
78 47 99802
79 72 96688
80 10 98940
81 3 96663
82 56 92654
83 5 93936
84 67 94420
85 23 96575
86 75 90954
87 62 94815
88 1 93496
89 19 93961
90 17 99394
91 19 99536
92 66 98144
93 9 96886
94 87 92330
95 50 94320
96 22 91538
97 22 90698
98 71 97248
99 87 93370
100 73 93412
QUERY 84 73
QUERY 15 10
QUERY 81 3
CHANGE 85 63
QUERY 21 37
CHANGE 44 71
QUERY 4 20
CHANGE 78 21
CHANGE 83 58
CHANGE 28 51
CHANGE 21 70
QUERY 39 91
CHANGE 80 18
QUERY 5 88
QUERY 90 47
QUERY 94 43
QUERY 42 49
QUERY 4 78
CHANGE 8 95
CHANGE 98 75
QUERY 44 30
CHANGE 89 53
QUERY 69 16
CHANGE 19 81
CHANGE 11 16
QUERY 62 87
QUERY 75 32
QUERY 21 17
CHANGE 84 82
QUERY 99 28
QUERY 52 56
QUERY 6 97
QUERY 36 25
CHANGE 47 99
CHANGE 25 7
CHANGE 61 52
QUERY 31 12
QUERY 31 89
QUERY 58 60
CHANGE 51 20
QUERY 64 10
QUERY 80 62
QUERY 63 15
QUERY 82 92
CHANGE 63 71
QUERY 97 91
QUERY 44 70
QUERY 42 85
CHANGE 45 40
CHANGE 23 78
QUERY 27 6
CHANGE 68 61
CHANGE 51 76
QUERY 11 91
QUERY 74 41
QUERY 73 10
QUERY 90 22
CHANGE 87 61
CHANGE 11 95
CHANGE 45 21
QUERY 8 81
QUERY 25 3
QUERY 4 47
QUERY 41 8
CHANGE 83 61
CHANGE 97 68
QUERY 37 7
QUERY 67 4
QUERY 43 7
QUERY 41 20
QUERY 50 92
QUERY 25 67
CHANGE 42 22
CHANGE 8 33
QUERY 58 49
QUERY 35 29
QUERY 6 46
CHANGE 42 70
QUERY 59 83
CHANGE 79 68
CHANGE 58 50
CHANGE 5 39
QUERY 28 41
CHANGE 45 84
QUERY 77 29
CHANGE 47 6
CHANGE 44 97
QUERY 91 71
QUERY 56 9
CHANGE 26 57
QUERY 47 39
QUERY 82 4
DONE
100
2 1 91330
3 2 91875
4 2 92542
5 2 95582
6 5 95486
7 1 94924
8 5 96002
9 2 94477
10 8 98617
11 3 90576
12 1 92573
13 12 92938
14 9 93332
15 3 90890
16 1 99360
17 6 90728
18 12 92232
19 11 97433
20 9 95383
21 1 95984
22 17 90064
23 17 91378
24 2 94142
25 22 97791
26 19 98360
27 20 92846
28 5 96596
29 26 91050
30 5 98624
31 18 93185
32 18 90504
33 4 90458
34 32 99532
35 20 96072
36 10 90546
37 26 96152
38 4 91840
39 32 96150
40 37 91244
41 8 94380
42 32 92948
43 30 91888
44 38 93708
45 37 90912
46 24 94112
47 8 95116
48 25 92300
49 33 90276
50 47 96536
51 35 97365
52 28 99475
53 19 96161
54 45 96551
55 7 95766
56 46 98828
57 53 94024
58 54 92750
59 44 98850
60 15 96772
61 52 99676
62 40 92110
63 43 97120
64 63 98198
65 43 92750
66 21 90394
67 44 97052
68 21 95490
69 58 92875
70 36 96726
71 15 92888
72 34 94020
73 15 98778
74 64 92501
75 46 91960
76 3 97950
77 15 94065
78 47 99802
79 72 96688
80 10 98940
81 3 96663
82 56 92654
83 5 93936
84 67 94420
85 23 96575
86 75 90954
87 62 94815
88 1 93496
89 19 93961
90 17 99394
91 19 99536
92 66 98144
93 9 96886
94 87 92330
95 50 94320
96 22 91538
97 22 90698
98 71 97248
99 87 93370
100 73 93412
QUERY 84 73
QUERY 15 10
QUERY 81 3
CHANGE 85 63
QUERY 21 37
CHANGE 44 71
QUERY 4 20
CHANGE 78 21
CHANGE 83 58
CHANGE 28 51
CHANGE 21 70
QUERY 39 91
CHANGE 80 18
QUERY 5 88
QUERY 90 47
QUERY 94 43
QUERY 42 49
QUERY 4 78
CHANGE 8 95
CHANGE 98 75
QUERY 44 30
CHANGE 89 53
QUERY 69 16
CHANGE 19 81
CHANGE 11 16
QUERY 62 87
QUERY 75 32
QUERY 21 17
CHANGE 84 82
QUERY 99 28
QUERY 52 56
QUERY 6 97
QUERY 36 25
CHANGE 47 99
CHANGE 25 7
CHANGE 61 52
QUERY 31 12
QUERY 31 89
QUERY 58 60
CHANGE 51 20
QUERY 64 10
QUERY 80 62
QUERY 63 15
QUERY 82 92
CHANGE 63 71
QUERY 97 91
QUERY 44 70
QUERY 42 85
CHANGE 45 40
CHANGE 23 78
QUERY 27 6
CHANGE 68 61
CHANGE 51 76
QUERY 11 91
QUERY 74 41
QUERY 73 10
QUERY 90 22
CHANGE 87 61
CHANGE 11 95
CHANGE 45 21
QUERY 8 81
QUERY 25 3
QUERY 4 47
QUERY 41 8
CHANGE 83 61
CHANGE 97 68
QUERY 37 7
QUERY 67 4
QUERY 43 7
QUERY 41 20
QUERY 50 92
QUERY 25 67
CHANGE 42 22
CHANGE 8 33
QUERY 58 49
QUERY 35 29
QUERY 6 46
CHANGE 42 70
QUERY 59 83
CHANGE 79 68
CHANGE 58 50
CHANGE 5 39
QUERY 28 41
CHANGE 45 84
QUERY 77 29
CHANGE 47 6
CHANGE 44 97
QUERY 91 71
QUERY 56 9
CHANGE 26 57
QUERY 47 39
QUERY 82 4
DONE
100
2 1 91330
3 2 91875
4 2 92542
5 2 95582
6 5 95486
7 1 94924
8 5 96002
9 2 94477
10 8 98617
11 3 90576
12 1 92573
13 12 92938
14 9 93332
15 3 90890
16 1 99360
17 6 90728
18 12 92232
19 11 97433
20 9 95383
21 1 95984
22 17 90064
23 17 91378
24 2 94142
25 22 97791
26 19 98360
27 20 92846
28 5 96596
29 26 91050
30 5 98624
31 18 93185
32 18 90504
33 4 90458
34 32 99532
35 20 96072
36 10 90546
37 26 96152
38 4 91840
39 32 96150
40 37 91244
41 8 94380
42 32 92948
43 30 91888
44 38 93708
45 37 90912
46 24 94112
47 8 95116
48 25 92300
49 33 90276
50 47 96536
51 35 97365
52 28 99475
53 19 96161
54 45 96551
55 7 95766
56 46 98828
57 53 94024
58 54 92750
59 44 98850
60 15 96772
61 52 99676
62 40 92110
63 43 97120
64 63 98198
65 43 92750
66 21 90394
67 44 97052
68 21 95490
69 58 92875
70 36 96726
71 15 92888
72 34 94020
73 15 98778
74 64 92501
75 46 91960
76 3 97950
77 15 94065
78 47 99802
79 72 96688
80 10 98940
81 3 96663
82 56 92654
83 5 93936
84 67 94420
85 23 96575
86 75 90954
87 62 94815
88 1 93496
89 19 93961
90 17 99394
91 19 99536
92 66 98144
93 9 96886
94 87 92330
95 50 94320
96 22 91538
97 22 90698
98 71 97248
99 87 93370
100 73 93412
QUERY 84 73
QUERY 15 10
QUERY 81 3
CHANGE 85 63
QUERY 21 37
CHANGE 44 71
QUERY 4 20
CHANGE 78 21
CHANGE 83 58
CHANGE 28 51
CHANGE 21 70
QUERY 39 91
CHANGE 80 18
QUERY 5 88
QUERY 90 47
QUERY 94 43
QUERY 42 49
QUERY 4 78
CHANGE 8 95
CHANGE 98 75
QUERY 44 30
CHANGE 89 53
QUERY 69 16
CHANGE 19 81
CHANGE 11 16
QUERY 62 87
QUERY 75 32
QUERY 21 17
CHANGE 84 82
QUERY 99 28
QUERY 52 56
QUERY 6 97
QUERY 36 25
CHANGE 47 99
CHANGE 25 7
CHANGE 61 52
QUERY 31 12
QUERY 31 89
QUERY 58 60
CHANGE 51 20
QUERY 64 10
QUERY 80 62
QUERY 63 15
QUERY 82 92
CHANGE 63 71
QUERY 97 91
QUERY 44 70
QUERY 42 85
CHANGE 45 40
CHANGE 23 78
QUERY 27 6
CHANGE 68 61
CHANGE 51 76
QUERY 11 91
QUERY 74 41
QUERY 73 10
QUERY 90 22
CHANGE 87 61
CHANGE 11 95
CHANGE 45 21
QUERY 8 81
QUERY 25 3
QUERY 4 47
QUERY 41 8
CHANGE 83 61
CHANGE 97 68
QUERY 37 7
QUERY 67 4
QUERY 43 7
QUERY 41 20
QUERY 50 92
QUERY 25 67
CHANGE 42 22
CHANGE 8 33
QUERY 58 49
QUERY 35 29
QUERY 6 46
CHANGE 42 70
QUERY 59 83
CHANGE 79 68
CHANGE 58 50
CHANGE 5 39
QUERY 28 41
CHANGE 45 84
QUERY 77 29
CHANGE 47 6
CHANGE 44 97
QUERY 91 71
QUERY 56 9
CHANGE 26 57
QUERY 47 39
QUERY 82 4
DONE
100
2 1 91330
3 2 91875
4 2 92542
5 2 95582
6 5 95486
7 1 94924
8 5 96002
9 2 94477
10 8 98617
11 3 90576
12 1 92573
13 12 92938
14 9 93332
15 3 90890
16 1 99360
17 6 90728
18 12 92232
19 11 97433
20 9 95383
21 1 95984
22 17 90064
23 17 91378
24 2 94142
25 22 97791
26 19 98360
27 20 92846
28 5 96596
29 26 91050
30 5 98624
31 18 93185
32 18 90504
33 4 90458
34 32 99532
35 20 96072
36 10 90546
37 26 96152
38 4 91840
39 32 96150
40 37 91244
41 8 94380
42 32 92948
43 30 91888
44 38 93708
45 37 90912
46 24 94112
47 8 95116
48 25 92300
49 33 90276
50 47 96536
51 35 97365
52 28 99475
53 19 96161
54 45 96551
55 7 95766
56 46 98828
57 53 94024
58 54 92750
59 44 98850
60 15 96772
61 52 99676
62 40 92110
63 43 97120
64 63 98198
65 43 92750
66 21 90394
67 44 97052
68 21 95490
69 58 92875
70 36 96726
71 15 92888
72 34 94020
73 15 98778
74 64 92501
75 46 91960
76 3 97950
77 15 94065
78 47 99802
79 72 96688
80 10 98940
81 3 96663
82 56 92654
83 5 93936
84 67 94420
85 23 96575
86 75 90954
87 62 94815
88 1 93496
89 19 93961
90 17 99394
91 19 99536
92 66 98144
93 9 96886
94 87 92330
95 50 94320
96 22 91538
97 22 90698
98 71 97248
99 87 93370
100 73 93412
QUERY 84 73
QUERY 15 10
QUERY 81 3
CHANGE 85 63
QUERY 21 37
CHANGE 44 71
QUERY 4 20
CHANGE 78 21
CHANGE 83 58
CHANGE 28 51
CHANGE 21 70
QUERY 39 91
CHANGE 80 18
QUERY 5 88
QUERY 90 47
QUERY 94 43
QUERY 42 49
QUERY 4 78
CHANGE 8 95
CHANGE 98 75
QUERY 44 30
CHANGE 89 53
QUERY 69 16
CHANGE 19 81
CHANGE 11 16
QUERY 62 87
QUERY 75 32
QUERY 21 17
CHANGE 84 82
QUERY 99 28
QUERY 52 56
QUERY 6 97
QUERY 36 25
CHANGE 47 99
CHANGE 25 7
CHANGE 61 52
QUERY 31 12
QUERY 31 89
QUERY 58 60
CHANGE 51 20
QUERY 64 10
QUERY 80 62
QUERY 63 15
QUERY 82 92
CHANGE 63 71
QUERY 97 91
QUERY 44 70
QUERY 42 85
CHANGE 45 40
CHANGE 23 78
QUERY 27 6
CHANGE 68 61
CHANGE 51 76
QUERY 11 91
QUERY 74 41
QUERY 73 10
QUERY 90 22
CHANGE 87 61
CHANGE 11 95
CHANGE 45 21
QUERY 8 81
QUERY 25 3
QUERY 4 47
QUERY 41 8
CHANGE 83 61
CHANGE 97 68
QUERY 37 7
QUERY 67 4
QUERY 43 7
QUERY 41 20
QUERY 50 92
QUERY 25 67
CHANGE 42 22
CHANGE 8 33
QUERY 58 49
QUERY 35 29
QUERY 6 46
CHANGE 42 70
QUERY 59 83
CHANGE 79 68
CHANGE 58 50
CHANGE 5 39
QUERY 28 41
CHANGE 45 84
QUERY 77 29
CHANGE 47 6
CHANGE 44 97
QUERY 91 71
QUERY 56 9
CHANGE 26 57
QUERY 47 39
QUERY 82 4
DONE
100
2 1 91330
3 2 91875
4 2 92542
5 2 95582
6 5 95486
7 1 94924
8 5 96002
9 2 94477
10 8 98617
11 3 90576
12 1 92573
13 12 92938
14 9 93332
15 3 90890
16 1 99360
17 6 90728
18 12 92232
19 11 97433
20 9 95383
21 1 95984
22 17 90064
23 17 91378
24 2 94142
25 22 97791
26 19 98360
27 20 92846
28 5 96596
29 26 91050
30 5 98624
31 18 93185
32 18 90504
33 4 90458
34 32 99532
35 20 96072
36 10 90546
37 26 96152
38 4 91840
39 32 96150
40 37 91244
41 8 94380
42 32 92948
43 30 91888
44 38 93708
45 37 90912
46 24 94112
47 8 95116
48 25 92300
49 33 90276
50 47 96536
51 35 97365
52 28 99475
53 19 96161
54 45 96551
55 7 95766
56 46 98828
57 53 94024
58 54 92750
59 44 98850
60 15 96772
61 52 99676
62 40 92110
63 43 97120
64 63 98198
65 43 92750
66 21 90394
67 44 97052
68 21 95490
69 58 92875
70 36 96726
71 15 92888
72 34 94020
73 15 98778
74 64 92501
75 46 91960
76 3 97950
77 15 94065
78 47 99802
79 72 96688
80 10 98940
81 3 96663
82 56 92654
83 5 93936
84 67 94420
85 23 96575
86 75 90954
87 62 94815
88 1 93496
89 19 93961
90 17 99394
91 19 99536
92 66 98144
93 9 96886
94 87 92330
95 50 94320
96 22 91538
97 22 90698
98 71 97248
99 87 93370
100 73 93412
QUERY 84 73
QUERY 15 10
QUERY 81 3
CHANGE 85 63
QUERY 21 37
CHANGE 44 71
QUERY 4 20
CHANGE 78 21
CHANGE 83 58
CHANGE 28 51
CHANGE 21 70
QUERY 39 91
CHANGE 80 18
QUERY 5 88
QUERY 90 47
QUERY 94 43
QUERY 42 49
QUERY 4 78
CHANGE 8 95
CHANGE 98 75
QUERY 44 30
CHANGE 89 53
QUERY 69 16
CHANGE 19 81
CHANGE 11 16
QUERY 62 87
QUERY 75 32
QUERY 21 17
CHANGE 84 82
QUERY 99 28
QUERY 52 56
QUERY 6 97
QUERY 36 25
CHANGE 47 99
CHANGE 25 7
CHANGE 61 52
QUERY 31 12
QUERY 31 89
QUERY 58 60
CHANGE 51 20
QUERY 64 10
QUERY 80 62
QUERY 63 15
QUERY 82 92
CHANGE 63 71
QUERY 97 91
QUERY 44 70
QUERY 42 85
CHANGE 45 40
CHANGE 23 78
QUERY 27 6
CHANGE 68 61
CHANGE 51 76
QUERY 11 91
QUERY 74 41
QUERY 73 10
QUERY 90 22
CHANGE 87 61
CHANGE 11 95
CHANGE 45 21
QUERY 8 81
QUERY 25 3
QUERY 4 47
QUERY 41 8
CHANGE 83 61
CHANGE 97 68
QUERY 37 7
QUERY 67 4
QUERY 43 7
QUERY 41 20
QUERY 50 92
QUERY 25 67
CHANGE 42 22
CHANGE 8 33
QUERY 58 49
QUERY 35 29
QUERY 6 46
CHANGE 42 70
QUERY 59 83
CHANGE 79 68
CHANGE 58 50
CHANGE 5 39
QUERY 28 41
CHANGE 45 84
QUERY 77 29
CHANGE 47 6
CHANGE 44 97
QUERY 91 71
QUERY 56 9
CHANGE 26 57
QUERY 47 39
QUERY 82 4
DONE
100
2 1 91330
3 2 91875
4 2 92542
5 2 95582
6 5 95486
7 1 94924
8 5 96002
9 2 94477
10 8 98617
11 3 90576
12 1 92573
13 12 92938
14 9 93332
15 3 90890
16 1 99360
17 6 90728
18 12 92232
19 11 97433
20 9 95383
21 1 95984
22 17 90064
23 17 91378
24 2 94142
25 22 97791
26 19 98360
27 20 92846
28 5 96596
29 26 91050
30 5 98624
31 18 93185
32 18 90504
33 4 90458
34 32 99532
35 20 96072
36 10 90546
37 26 96152
38 4 91840
39 32 96150
40 37 91244
41 8 94380
42 32 92948
43 30 91888
44 38 93708
45 37 90912
46 24 94112
47 8 95116
48 25 92300
49 33 90276
50 47 96536
51 35 97365
52 28 99475
53 19 96161
54 45 96551
55 7 95766
56 46 98828
57 53 94024
58 54 92750
59 44 98850
60 15 96772
61 52 99676
62 40 92110
63 43 97120
64 63 98198
65 43 92750
66 21 90394
67 44 97052
68 21 95490
69 58 92875
70 36 96726
71 15 92888
72 34 94020
73 15 98778
74 64 92501
75 46 91960
76 3 97950
77 15 94065
78 47 99802
79 72 96688
80 10 98940
81 3 96663
82 56 92654
83 5 93936
84 67 94420
85 23 96575
86 75 90954
87 62 94815
88 1 93496
89 19 93961
90 17 99394
91 19 99536
92 66 98144
93 9 96886
94 87 92330
95 50 94320
96 22 91538
97 22 90698
98 71 97248
99 87 93370
100 73 93412
QUERY 84 73
QUERY 15 10
QUERY 81 3
CHANGE 85 63
QUERY 21 37
CHANGE 44 71
QUERY 4 20
CHANGE 78 21
CHANGE 83 58
CHANGE 28 51
CHANGE 21 70
QUERY 39 91
CHANGE 80 18
QUERY 5 88
QUERY 90 47
QUERY 94 43
QUERY 42 49
QUERY 4 78
CHANGE 8 95
CHANGE 98 75
QUERY 44 30
CHANGE 89 53
QUERY 69 16
CHANGE 19 81
CHANGE 11 16
QUERY 62 87
QUERY 75 32
QUERY 21 17
CHANGE 84 82
QUERY 99 28
QUERY 52 56
QUERY 6 97
QUERY 36 25
CHANGE 47 99
CHANGE 25 7
CHANGE 61 52
QUERY 31 12
QUERY 31 89
QUERY 58 60
CHANGE 51 20
QUERY 64 10
QUERY 80 62
QUERY 63 15
QUERY 82 92
CHANGE 63 71
QUERY 97 91
QUERY 44 70
QUERY 42 85
CHANGE 45 40
CHANGE 23 78
QUERY 27 6
CHANGE 68 61
CHANGE 51 76
QUERY 11 91
QUERY 74 41
QUERY 73 10
QUERY 90 22
CHANGE 87 61
CHANGE 11 95
CHANGE 45 21
QUERY 8 81
QUERY 25 3
QUERY 4 47
QUERY 41 8
CHANGE 83 61
CHANGE 97 68
QUERY 37 7
QUERY 67 4
QUERY 43 7
QUERY 41 20
QUERY 50 92
QUERY 25 67
CHANGE 42 22
CHANGE 8 33
QUERY 58 49
QUERY 35 29
QUERY 6 46
CHANGE 42 70
QUERY 59 83
CHANGE 79 68
CHANGE 58 50
CHANGE 5 39
QUERY 28 41
CHANGE 45 84
QUERY 77 29
CHANGE 47 6
CHANGE 44 97
QUERY 91 71
QUERY 56 9
CHANGE 26 57
QUERY 47 39
QUERY 82 4
DONE
100
2 1 91330
3 2 91875
4 2 92542
5 2 95582
6 5 95486
7 1 94924
8 5 96002
9 2 94477
10 8 98617
11 3 90576
12 1 92573
13 12 92938
14 9 93332
15 3 90890
16 1 99360
17 6 90728
18 12 92232
19 11 97433
20 9 95383
21 1 95984
22 17 90064
23 17 91378
24 2 94142
25 22 97791
26 19 98360
27 20 92846
28 5 96596
29 26 91050
30 5 98624
31 18 93185
32 18 90504
33 4 90458
34 32 99532
35 20 96072
36 10 90546
37 26 96152
38 4 91840
39 32 96150
40 37 91244
41 8 94380
42 32 92948
43 30 91888
44 38 93708
45 37 90912
46 24 94112
47 8 95116
48 25 92300
49 33 90276
50 47 96536
51 35 97365
52 28 99475
53 19 96161
54 45 96551
55 7 95766
56 46 98828
57 53 94024
58 54 92750
59 44 98850
60 15 96772
61 52 99676
62 40 92110
63 43 97120
64 63 98198
65 43 92750
66 21 90394
67 44 97052
68 21 95490
69 58 92875
70 36 96726
71 15 92888
72 34 94020
73 15 98778
74 64 92501
75 46 91960
76 3 97950
77 15 94065
78 47 99802
79 72 96688
80 10 98940
81 3 96663
82 56 92654
83 5 93936
84 67 94420
85 23 96575
86 75 90954
87 62 94815
88 1 93496
89 19 93961
90 17 99394
91 19 99536
92 66 98144
93 9 96886
94 87 92330
95 50 94320
96 22 91538
97 22 90698
98 71 97248
99 87 93370
100 73 93412
QUERY 84 73
QUERY 15 10
QUERY 81 3
CHANGE 85 63
QUERY 21 37
CHANGE 44 71
QUERY 4 20
CHANGE 78 21
CHANGE 83 58
CHANGE 28 51
CHANGE 21 70
QUERY 39 91
CHANGE 80 18
QUERY 5 88
QUERY 90 47
QUERY 94 43
QUERY 42 49
QUERY 4 78
CHANGE 8 95
CHANGE 98 75
QUERY 44 30
CHANGE 89 53
QUERY 69 16
CHANGE 19 81
CHANGE 11 16
QUERY 62 87
QUERY 75 32
QUERY 21 17
CHANGE 84 82
QUERY 99 28
QUERY 52 56
QUERY 6 97
QUERY 36 25
CHANGE 47 99
CHANGE 25 7
CHANGE 61 52
QUERY 31 12
QUERY 31 89
QUERY 58 60
CHANGE 51 20
QUERY 64 10
QUERY 80 62
QUERY 63 15
QUERY 82 92
CHANGE 63 71
QUERY 97 91
QUERY 44 70
QUERY 42 85
CHANGE 45 40
CHANGE 23 78
QUERY 27 6
CHANGE 68 61
CHANGE 51 76
QUERY 11 91
QUERY 74 41
QUERY 73 10
QUERY 90 22
CHANGE 87 61
CHANGE 11 95
CHANGE 45 21
QUERY 8 81
QUERY 25 3
QUERY 4 47
QUERY 41 8
CHANGE 83 61
CHANGE 97 68
QUERY 37 7
QUERY 67 4
QUERY 43 7
QUERY 41 20
QUERY 50 92
QUERY 25 67
CHANGE 42 22
CHANGE 8 33
QUERY 58 49
QUERY 35 29
QUERY 6 46
CHANGE 42 70
QUERY 59 83
CHANGE 79 68
CHANGE 58 50
CHANGE 5 39
QUERY 28 41
CHANGE 45 84
QUERY 77 29
CHANGE 47 6
CHANGE 44 97
QUERY 91 71
QUERY 56 9
CHANGE 26 57
QUERY 47 39
QUERY 82 4
DONE
100
2 1 91330
3 2 91875
4 2 92542
5 2 95582
6 5 95486
7 1 94924
8 5 96002
9 2 94477
10 8 98617
11 3 90576
12 1 92573
13 12 92938
14 9 93332
15 3 90890
16 1 99360
17 6 90728
18 12 92232
19 11 97433
20 9 95383
21 1 95984
22 17 90064
23 17 91378
24 2 94142
25 22 97791
26 19 98360
27 20 92846
28 5 96596
29 26 91050
30 5 98624
31 18 93185
32 18 90504
33 4 90458
34 32 99532
35 20 96072
36 10 90546
37 26 96152
38 4 91840
39 32 96150
40 37 91244
41 8 94380
42 32 92948
43 30 91888
44 38 93708
45 37 90912
46 24 94112
47 8 95116
48 25 92300
49 33 90276
50 47 96536
51 35 97365
52 28 99475
53 19 96161
54 45 96551
55 7 95766
56 46 98828
57 53 94024
58 54 92750
59 44 98850
60 15 96772
61 52 99676
62 40 92110
63 43 97120
64 63 98198
